32, 23, 45, 12, 28, 38
47, 36, 5, 61, 55
52, 53
16, 34, 38, 9, 54
55, 2, 36, 56, 14, 61
15, 55, 24, 13, 37
48, 24, 61, 14, 42, 64
19, 25, 66, 58
4, 38, 26, 22, 49
45, 46, 27, 12, 57, 43
18, 64, 42, 65, 63
1, 45, 10, 28, 59, 43, 57
37, 15, 6, 24, 48, 18, 51, 55
7, 24, 61, 5, 56, 42, 45
6, 19, 37, 55, 13
20, 44, 34, 4, 54
18, 33, 51, 52, 53, 60
17, 51, 13, 48, 64, 11, 63, 35, 60
8, 15, 25, 37
60, 39, 44, 16
33, 41, 52
9, 26, 38, 50, 49
42, 45, 1, 32
13, 6, 55, 61, 14, 7, 48
8, 19, 47, 55, 58, 66
38, 22, 49, 9
46, 31, 62, 10, 57
1, 12, 43, 38, 59
60, 35, 65, 34, 44, 39, 63
37, 41, 51
56, 36, 62, 27, 46
65, 42, 23, 1, 38
17, 21, 41, 51, 52
44, 29, 65, 38, 4, 16
60, 18, 63, 65, 29
2, 47, 58, 40, 5, 56, 31
6, 13, 15, 19, 30, 51
22, 34, 65, 32, 1, 28, 59, 50, 26, 9, 4
20, 60, 29, 44
36, 47, 58, 66
21, 30, 33, 51
64, 7, 14, 45, 23, 32, 65, 11, 56
12, 10, 57, 28, 59
20, 39, 29, 34, 16
42, 14, 56, 46, 10, 12, 1, 23
56, 31, 62, 27, 57, 10, 45
55, 25, 58, 40, 36, 2
13, 24, 7, 64, 18
9, 26, 22
22, 38
13, 17, 18, 30, 33, 37, 41
3, 17, 21, 33, 53
3, 17, 52, 60
4, 16
15, 19, 25, 58, 47, 2, 5, 61, 24, 13
14, 61, 5, 2, 36, 31, 46, 45, 42
12, 10, 46, 27, 43
8, 25, 36, 40, 47, 55, 66
28, 12, 43, 38
17, 18, 20, 29, 35, 39, 53, 63
24, 55, 2, 5, 56, 14, 7
27, 31, 46
60, 18, 11, 65, 35, 29
18, 48, 7, 42, 65, 11
29, 35, 63, 11, 64, 42, 32, 38, 34
8, 25, 58, 40